33 
34 
78 
54 
1447 
1429 
1441 
1431 
294 
1430 
1438 
1432 
62 
1434 
1439 
1442 
1445 
645 
1440 
1443 
1446 
1437 
216 
1433 
1436 
1435 
1444 
913 
219 
916 
96 
150 
281 
756 
53 
1201 
327 
654 
516 
301 
151 
1107 
362 
1145 
46 
1000 
402 
69 
697 
517 
194 
71 
343 
277 
1069 
127 
64 
1060 
1063 
931 
147 
742 
1160 
744 
265 
268 
97 
132 
72 
631 
266 
146 
1061 
1106 
307 
761 
806 
522 
55 
827 
139 
121 
1158 
826 
1065 
473 
141 
263 
30 
51 
807 
218 
828 
1064 
1396 
831 
1154 
140 
403 
134 
1067 
830 
1207 
561 
142 
133 
1066 
833 
1156 
456 
914 
145 
94 
695 
148 
1072 
1152 
829 
264 
470 
1565 
186 
1155 
482 
805 
1110 
832 
63 
1068 
377 
144 
1113 
48 
1071 
308 
1062 
416 
652 
984 
293 
825 
834 
143 
915 
1202 
496 
1420 
415 
1315 
1073 
391 
481 
454 
1109 
932 
663 
385 
56 
1204 
1153 
1566 
283 
328 
956 
1111 
1120 
860 
743 
387 
1105 
459 
1159 
1356 
773 
1108 
1018 
1395 
453 
309 
267 
662 
279 
282 
452 
1206 
1394 
455 
126 
458 
12 
1286 
371 
1564 
562 
1567 
203 
269 
1157 
1112 
843 
278 
1205 
765 
523 
1070 
1405 
490 
376 
1309 
457 
388 
262 
38 
1563 
244 
316 
1518 
280 
770 
537 
1407 
136 
1096 
764 
405 
300 
390 
973 
76 
1404 
698 
303 
375 
590 
330 
321 
1209 
1203 
530 
225 
638 
252 
1562 
802 
775 
222 
392 
1406 
1397 
386 
799 
655 
323 
389 
353 
586 
694 
1208 
221 
320 
302 
1190 
284 
1504 
912 
239 
1166 
547 
774 
1178 
1465 
801 
532 
128 
1306 
804 
346 
1022 
995 
35 
977 
1408 
98 
313 
899 
998 
872 
657 
65 
597 
1162 
337 
1135 
220 
651 
259 
878 
591 
531 
396 
1464 
746 
408 
1278 
1287 
40 
462 
348 
411 
285 
1021 
1308 
967 
1535 
1508 
189 
333 
198 
1502 
443 
1403 
500 
195 
401 
772 
404 
45 
341 
709 
36 
350 
9 
676 
1313 
936 
1017 
1358 
1546 
230 
1307 
589 
275 
840 
1247 
1148 
1570 
798 
224 
550 
1501 
191 
1142 
469 
1357 
1214 
541 
131 
1369 
463 
1091 
409 
822 
696 
1414 
1423 
1336 
349 
762 
17 
358 
771 
1246 
1399 
1273 
968 
1264 
448 
1560 
412 
908 
639 
944 
693 
352 
1572 
1312 
666 
881 
540 
630 
1509 
917 
1500 
319 
1180 
1288 
893 
803 
965 
1467 
1548 
1557 
1216 
642 
1461 
815 
824 
1533 
1506 
1542 
169 
1057 
788 
369 
181 
1491 
1150 
800 
468 
217 
1087 
100 
1365 
1338 
1368 
937 
345 
4 
758 
650 
964 
659 
1413 
357 
563 
985 
7 
976 
608 
716 
70 
1245 
1003 
25 
680 
1550 
877 
1290 
871 
1571 
37 
1275 
970 
539 
952 
925 
351 
898 
243 
1493 
1466 
892 
757 
766 
1520 
847 
1215 
793 
524 
201 
273 
87 
1191 
715 
796 
464 
1352 
410 
1505 
1119 
1086 
99 
1400 
808 
763 
718 
467 
162 
368 
449 
117 
969 
1026 
3 
640 
299 
75 
927 
1349 
1008 
945 
712 
39 
1573 
66 
1367 
867 
24 
6 
1316 
661 
329 
1181 
1217 
966 
1244 
1280 
1507 
511 
179 
1274 
610 
1130 
897 
556 
1534 
251 
197 
879 
305 
559 
1402 
729 
155 
478 
577 
245 
1366 
783 
792 
1519 
873 
95 
983 
732 
472 
508 
759 
1351 
1037 
50 
59 
373 
1118 
1468 
795 
1136 
149 
1028 
1342 
1082 
708 
394 
1255 
609 
681 
690 
1058 
1094 
1282 
1049 
717 
753 
439 
322 
1381 
726 
1545 
567 
74 
1276 
935 
1025 
47 
585 
325 
361 
2 
1195 
1294 
549 
235 
612 
5 
1503 
525 
184 
938 
947 
606 
480 
1575 
974 
1117 
507 
247 
489 
1225 
570 
202 
1228 
1210 
896 
851 
214 
1416 
1488 
1147 
1183 
1470 
1138 
797 
187 
196 
1123 
997 
809 
199 
1401 
82 
190 
845 
710 
719 
154 
701 
1054 
49 
471 
1350 
1323 
13 
1314 
794 
22 
776 
1317 
994 
393 
79 
88 
1048 
52 
1039 
895 
1335 
1541 
1514 
689 
10 
1212 
306 
665 
1149 
342 
1 
207 
548 
288 
1517 
844 
503 
1257 
1167 
566 
880 
988 
656 
315 
488 
587 
156 
1457 
1116 
1529 
1125 
542 
479 
1547 
515 
856 
874 
533 
192 
614 
1343 
509 
383 
1137 
1146 
1101 
446 
428 
114 
123 
1415 
1424 
1469 
1029 
1038 
231 
1047 
1460 
1283 
1364 
395 
1023 
1050 
413 
153 
108 
1337 
996 
1409 
664 
18 
317 
1304 
326 
981 
721 
963 
595 
398 
1295 
15 
1540 
1576 
903 
374 
347 
894 
248 
1289 
526 
1558 
607 
580 
314 
592 
1256 
1229 
466 
1265 
161 
574 
1211 
870 
296 
233 
951 
433 
92 
846 
200 
1196 
855 
514 
182 
254 
1411 
1456 
1052 
1124 
1097 
460 
1088 
1384 
1043 
23 
436 
777 
445 
1324 
122 
723 
77 
185 
499 
705 
1459 
400 
1055 
32 
68 
660 
669 
355 
768 
600 
1004 
430 
1578 
1237 
331 
340 
80 
627 
286 
1390 
107 
959 
618 
11 
1581 
397 
1016 
702 
298 
711 
684 
29 
379 
1267 
1330 
1339 
334 
1554 
1186 
890 
953 
1303 
962 
1539 
857 
1512 
1279 
193 
1485 
812 
821 
1234 
256 
1458 
292 
839 
498 
1252 
1261 
14 
911 
229 
543 
310 
1165 
250 
564 
124 
438 
447 
106 
1075 
1515 
1497 
501 
842 
1389 
1551 
1093 
115 
441 
1410 
172 
118 
208 
683 
755 
423 
91 
1078 
737 
378 
1473 
73 
1347 
360 
426 
399 
67 
1260 
381 
704 
767 
713 
372 
157 
1422 
435 
417 
16 
653 
734 
626 
940 
1281 
1362 
707 
1030 
725 
43 
1263 
1577 
249 
1344 
599 
258 
339 
366 
1254 
581 
1299 
61 
958 
1544 
557 
943 
1293 
889 
629 
324 
979 
1176 
1185 
611 
1266 
28 
1553 
1248 
907 
234 
901 
596 
255 
228 
1448 
461 
1556 
784 
1538 
1224 
1197 
1233 
1098 
1421 
1089 
1511 
865 
60 
1334 
859 
437 
850 
177 
724 
1451 
814 
554 
1361 
1092 
787 
760 
769 
1083 
1056 
823 
491 
706 
332 
646 
960 
1382 
682 
422 
171 
81 
1041 
359 
700 
1014 
1427 
1122 
781 
1095 
1005 
736 
21 
57 
1331 
658 
1537 
900 
1385 
954 
335 
622 
1555 
739 
613 
1376 
1035 
858 
679 
338 
1002 
1262 
212 
616 
625 
311 
1477 
365 
1513 
628 
1579 
861 
1175 
152 
188 
933 
502 
260 
1561 
475 
565 
1193 
1516 
538 
637 
1417 
864 
568 
227 
173 
209 
1474 
424 
738 
1483 
83 
1492 
837 
810 
1079 
406 
1169 
1375 
678 
741 
104 
1360 
427 
176 
418 
86 
158 
1378 
364 
382 
786 
1333 
1010 
367 
1587 
941 
950 
1363 
8 
44 
1318 
1327 
986 
304 
636 
1569 
923 
116 
1345 
1372 
1040 
648 
989 
1536 
603 
370 
576 
1231 
558 
594 
226 
253 
1348 
1321 
980 
675 
20 
1222 
289 
863 
1177 
1249 
271 
1189 
1530 
1198 
552 
866 
615 
1494 
175 
1270 
211 
166 
274 
1476 
902 
884 
238 
474 
905 
223 
1452 
546 
519 
205 
528 
752 
1102 
420 
1174 
1380 
582 
465 
1425 
1084 
1320 
477 
513 
1141 
1015 
1428 
1482 
495 
836 
504 
1042 
1392 
486 
1024 
1374 
1419 
1114 
740 
85 
58 
946 
955 
623 
1027 
1377 
722 
354 
1574 
982 
677 
1332 
1099 
632 
1341 
668 
1009 
31 
103 
785 
444 
991 
318 
1386 
1045 
1586 
1200 
635 
1371 
384 
1236 
276 
1272 
904 
1012 
1559 
572 
886 
862 
853 
512 
180 
674 
961 
1311 
1526 
270 
620 
934 
1472 
1481 
1580 
835 
1589 
1221 
602 
575 
647 
1463 
820 
174 
1242 
1251 
569 
910 
129 
883 
210 
291 
838 
120 
506 
1475 
1484 
237 
213 
1496 
168 
1478 
733 
1487 
545 
105 
841 
536 
1074 
1164 
1370 
90 
431 
745 
1292 
1032 
1310 
1391 
1131 
485 
494 
27 
754 
135 
476 
790 
1328 
987 
1250 
909 
344 
425 
84 
434 
93 
102 
380 
1277 
290 
1044 
1223 
918 
1259 
1232 
111 
667 
748 
356 
1495 
1199 
885 
1235 
553 
975 
670 
1522 
535 
1531 
948 
1298 
957 
930 
1271 
1163 
1585 
1253 
571 
1325 
993 
852 
520 
493 
1588 
942 
1489 
1121 
1471 
816 
484 
170 
888 
215 
1103 
1453 
1184 
780 
287 
583 
924 
789 
1543 
619 
1426 
137 
1115 
1528 
442 
101 
720 
505 
164 
819 
1133 
451 
119 
882 
747 
487 
236 
1297 
992 
750 
167 
1387 
1046 
714 
813 
1127 
41 
113 
687 
1001 
1450 
735 
1076 
1354 
1031 
699 
26 
1013 
672 
421 
1300 
926 
1240 
1007 
621 
1285 
1258 
1034 
1521 
1584 
534 
848 
1243 
1449 
624 
633 
920 
929 
1126 
875 
483 
492 
232 
573 
887 
555 
429 
160 
1398 
1129 
1479 
1219 
241 
1329 
163 
432 
414 
450 
109 
1168 
1383 
818 
791 
1132 
1033 
692 
1006 
1455 
1081 
1359 
686 
1036 
1583 
130 
336 
1305 
641 
363 
1090 
112 
1296 
731 
1326 
312 
949 
644 
922 
671 
1218 
1532 
1568 
1227 
240 
1523 
617 
1194 
521 
1499 
817 
1302 
297 
584 
593 
1140 
1239 
261 
1230 
1454 
1170 
497 
183 
578 
138 
560 
1412 
1080 
1179 
165 
1134 
246 
605 
518 
778 
1128 
419 
527 
1182 
204 
751 
1379 
978 
1373 
727 
1355 
1346 
673 
440 
1418 
1241 
272 
685 
999 
972 
1322 
1053 
649 
730 
1582 
1268 
1549 
42 
598 
1011 
1226 
643 
849 
544 
1172 
1486 
921 
1498 
906 
1480 
1139 
1462 
1238 
1525 
242 
1552 
529 
1220 
206 
