103 
105 
9 
400 
32 
3 
42 
41 
194 
249 
67 
372 
12 
357 
176 
308 
321 
323 
19 
63 
144 
212 
277 
325 
95 
72 
475 
128 
297 
36 
263 
254 
389 
204 
398 
44 
431 
97 
6 
266 
368 
250 
53 
199 
317 
8 
193 
342 
454 
474 
51 
74 
289 
456 
302 
191 
62 
48 
260 
34 
306 
27 
252 
52 
101 
337 
220 
393 
281 
309 
448 
242 
124 
1 
392 
598 
50 
214 
283 
68 
429 
378 
422 
396 
73 
377 
296 
463 
69 
353 
394 
211 
638 
234 
415 
346 
316 
341 
209 
447 
189 
343 
172 
339 
132 
314 
460 
38 
175 
142 
228 
131 
840 
391 
388 
299 
88 
350 
311 
143 
236 
409 
430 
181 
462 
288 
233 
358 
439 
713 
272 
423 
1283 
365 
224 
626 
375 
90 
371 
282 
502 
1255 
127 
58 
335 
376 
349 
437 
482 
257 
155 
245 
56 
379 
405 
318 
303 
617 
823 
697 
135 
26 
361 
319 
294 
644 
60 
386 
221 
367 
654 
711 
118 
109 
449 
84 
679 
481 
687 
334 
815 
163 
468 
145 
402 
30 
407 
338 
307 
352 
1189 
1281 
479 
1624 
538 
1402 
753 
313 
298 
495 
154 
527 
102 
278 
173 
783 
274 
327 
79 
596 
509 
834 
514 
29 
184 
256 
513 
85 
61 
542 
605 
332 
652 
523 
185 
1127 
140 
355 
1713 
399 
1260 
345 
315 
174 
928 
120 
96 
536 
356 
765 
119 
80 
561 
642 
701 
408 
70 
333 
183 
673 
440 
607 
418 
271 
525 
938 
259 
719 
758 
276 
1039 
180 
1185 
1565 
177 
344 
712 
161 
83 
469 
708 
1644 
615 
498 
1042 
300 
285 
201 
1343 
99 
413 
81 
75 
595 
1181 
152 
1103 
149 
286 
639 
1285 
312 
198 
443 
87 
658 
583 
777 
364 
609 
950 
151 
573 
465 
683 
632 
590 
817 
835 
1248 
569 
291 
847 
168 
969 
425 
329 
1244 
239 
592 
798 
843 
146 
442 
424 
164 
445 
1118 
373 
830 
1183 
121 
1072 
503 
114 
1056 
1026 
248 
1190 
1585 
466 
792 
992 
86 
1004 
645 
1312 
540 
1111 
770 
438 
809 
704 
794 
967 
1284 
324 
404 
1068 
1346 
1014 
359 
586 
1217 
1184 
1097 
831 
59 
1136 
1647 
134 
1246 
322 
567 
1231 
1339 
621 
1497 
160 
797 
686 
1655 
1018 
363 
76 
991 
1000 
913 
862 
952 
593 
219 
162 
640 
290 
975 
125 
98 
385 
603 
244 
675 
483 
432 
190 
504 
1132 
1338 
707 
853 
1302 
1580 
802 
766 
865 
874 
919 
473 
1573 
33 
1648 
215 
1749 
738 
451 
104 
403 
681 
771 
370 
594 
480 
1781 
1117 
1724 
1419 
1646 
1296 
940 
1236 
267 
1021 
366 
557 
871 
1598 
147 
784 
859 
222 
1487 
769 
401 
78 
978 
1113 
93 
1540 
544 
203 
616 
966 
1280 
1543 
774 
1420 
1665 
983 
472 
762 
986 
636 
47 
926 
20 
549 
1509 
597 
1449 
166 
1748 
501 
387 
100 
1796 
1033 
773 
94 
336 
1395 
1009 
749 
964 
949 
1362 
599 
1616 
620 
566 
261 
497 
1789 
470 
515 
1215 
237 
814 
778 
419 
868 
1415 
1083 
395 
1050 
1131 
326 
721 
1603 
601 
1130 
864 
1196 
1142 
496 
1124 
532 
1510 
1169 
678 
1701 
1100 
1037 
714 
795 
768 
995 
1578 
421 
1641 
1381 
726 
908 
576 
899 
235 
265 
1153 
1234 
1440 
546 
555 
1138 
241 
441 
997 
477 
414 
1168 
1051 
64 
1601 
659 
698 
994 
725 
1344 
1308 
943 
1158 
351 
1463 
901 
452 
757 
1412 
1421 
733 
464 
1406 
646 
1373 
799 
494 
1041 
108 
57 
1304 
1313 
1062 
1349 
1546 
739 
1208 
374 
688 
1253 
571 
188 
1480 
1139 
1489 
547 
1211 
305 
559 
1187 
810 
1079 
1043 
741 
77 
167 
1387 
1019 
1423 
600 
1237 
1731 
1013 
304 
340 
627 
295 
998 
226 
1626 
863 
280 
1034 
516 
893 
974 
247 
489 
1216 
884 
543 
779 
878 
1542 
519 
528 
1069 
46 
1015 
1742 
755 
1060 
1706 
1365 
360 
1673 
1054 
1036 
973 
1269 
453 
157 
435 
734 
1676 
258 
1353 
1227 
1508 
1831 
674 
970 
1526 
844 
270 
243 
1161 
578 
1224 
560 
165 
1403 
1807 
273 
1783 
545 
1657 
1756 
1397 
742 
410 
1505 
727 
1023 
781 
754 
476 
1409 
990 
39 
66 
903 
347 
553 
1002 
643 
284 
912 
993 
852 
825 
520 
942 
269 
1238 
924 
1417 
1426 
227 
92 
433 
182 
1393 
828 
1178 
819 
541 
487 
1384 
427 
1728 
1692 
1791 
1154 
382 
735 
1650 
977 
1049 
71 
1617 
2 
971 
1518 
1198 
1485 
1162 
588 
1548 
564 
223 
133 
860 
752 
1066 
1102 
761 
1829 
1488 
1730 
1093 
1434 
788 
782 
1105 
136 
82 
522 
91 
710 
1006 
1356 
1359 
1377 
354 
130 
1350 
1431 
650 
731 
7 
635 
1577 
1568 
1299 
1649 
662 
1209 
225 
548 
216 
584 
279 
934 
1167 
1493 
1502 
488 
587 
1717 
461 
1556 
1529 
129 
883 
1107 
1675 
213 
186 
518 
724 
500 
141 
760 
1110 
841 
195 
1379 
1792 
960 
1122 
1436 
790 
1669 
1741 
996 
703 
362 
1250 
676 
999 
434 
649 
416 
1582 
1645 
1340 
1295 
1271 
1504 
1809 
1507 
511 
1579 
1247 
1552 
529 
1767 
891 
550 
1752 
1501 
1070 
1689 
801 
23 
1629 
1297 
1064 
732 
158 
1719 
1046 
1468 
822 
1683 
1587 
1354 
699 
331 
1605 
457 
1686 
663 
618 
11 
1276 
253 
1554 
1186 
953 
657 
65 
917 
612 
1500 
1539 
866 
1279 
534 
848 
821 
1270 
624 
292 
839 
579 
1467 
14 
328 
310 
232 
537 
1201 
1174 
743 
582 
591 
1551 
1425 
1775 
187 
268 
1778 
459 
1652 
217 
450 
764 
818 
1688 
40 
1108 
49 
1583 
1332 
677 
13 
785 
1413 
1317 
1326 
985 
1622 
608 
716 
411 
1272 
1685 
1559 
886 
581 
10 
1544 
1571 
512 
665 
1176 
611 
1266 
1472 
907 
602 
575 
988 
255 
1206 
210 
1430 
1744 
1771 
192 
1191 
554 
1433 
428 
1182 
123 
1469 
706 
1292 
1059 
54 
1660 
1445 
700 
1005 
21 
909 
685 
1071 
1286 
1053 
927 
963 
1277 
1690 
1008 
667 
694 
15 
1621 
1011 
1226 
589 
957 
625 
1163 
1325 
628 
1588 
906 
1148 
1462 
1121 
1561 
816 
1157 
1884 
888 
1866 
915 
574 
251 
637 
619 
137 
1833 
1115 
846 
478 
577 
1698 
1357 
1770 
1366 
1806 
1438 
1788 
1214 
1734 
1842 
1716 
1725 
436 
517 
122 
490 
113 
1010 
1082 
1336 
1031 
1264 
116 
1291 
1372 
1722 
1040 
648 
935 
944 
262 
1572 
1267 
1321 
980 
1859 
1527 
881 
1823 
1249 
1258 
1503 
857 
1512 
1171 
606 
301 
1826 
1575 
1871 
507 
1261 
1135 
570 
229 
202 
1763 
1461 
1452 
851 
106 
887 
869 
1075 
1694 
1398 
1129 
806 
196 
369 
1329 
1491 
1150 
1787 
800 
208 
1769 
1428 
1437 
728 
1482 
1643 
1733 
1760 
1455 
1081 
623 
1574 
471 
1323 
1736 
1745 
1099 
767 
1619 
1314 
148 
22 
776 
1090 
31 
112 
1386 
1727 
1045 
16 
563 
348 
384 
43 
931 
680 
25 
1218 
572 
1335 
1846 
1855 
1837 
1876 
1849 
1212 
530 
1149 
961 
539 
1481 
1140 
1239 
1777 
1152 
820 
775 
811 
1125 
1197 
138 
1439 
1098 
1753 
1852 
1080 
1520 
1188 
1816 
1475 
246 
793 
533 
1334 
1702 
715 
383 
1478 
1146 
805 
159 
1128 
1101 
1442 
455 
1738 
1164 
491 
1029 
231 
772 
1633 
1364 
808 
1615 
682 
691 
1310 
485 
467 
126 
458 
117 
1642 
1104 
18 
1537 
1385 
1708 
380 
1869 
1681 
1699 
1358 
748 
867 
562 
939 
24 
1235 
670 
1522 
1262 
275 
1594 
921 
580 
861 
179 
493 
933 
1803 
1570 
1229 
897 
556 
1785 
1758 
1453 
1534 
1265 
287 
1202 
1516 
879 
197 
206 
1205 
218 
200 
1743 
720 
1483 
1151 
1052 
1779 
1106 
110 
1519 
873 
882 
406 
1797 
1656 
1315 
1324 
1638 
1073 
1620 
508 
1737 
1091 
499 
1351 
1773 
1459 
1055 
1342 
1028 
1001 
660 
1414 
696 
669 
1450 
1109 
941 
1668 
1363 
1022 
690 
35 
17 
1318 
1659 
1632 
1327 
672 
1094 
1408 
89 
1309 
1623 
968 
1596 
923 
932 
1892 
107 
1886 
1545 
1877 
1016 
684 
693 
1563 
558 
1895 
872 
1213 
1294 
1841 
1204 
1590 
1599 
1814 
5 
552 
1521 
1180 
1835 
1808 
1566 
1243 
1144 
803 
1252 
920 
929 
1126 
1880 
1476 
911 
956 
651 
824 
1228 
492 
1793 
1838 
205 
1739 
1416 
420 
1856 
833 
1147 
1156 
510 
1380 
178 
1470 
1766 
115 
1661 
1410 
1401 
836 
1383 
1078 
737 
1805 
746 
486 
1679 
1024 
692 
426 
740 
1278 
139 
1287 
946 
1700 
955 
1368 
1682 
390 
1691 
1664 
982 
641 
1897 
1422 
444 
417 
1637 
1404 
1667 
1200 
1371 
1604 
330 
1891 
1640 
240 
1882 
1541 
1514 
1631 
958 
689 
1535 
521 
1625 
1293 
1499 
37 
1822 
1311 
629 
1257 
898 
1553 
1589 
1221 
1230 
916 
647 
1888 
1170 
156 
910 
264 
1448 
1762 
1457 
1538 
892 
551 
1825 
838 
856 
1394 
1134 
1143 
524 
614 
1496 
850 
1137 
1451 
150 
1352 
1765 
1092 
787 
446 
1173 
1388 
1074 
1424 
751 
832 
1711 
1370 
1720 
1038 
1047 
1119 
1086 
745 
1597 
1032 
1651 
171 
1391 
153 
1768 
1427 
1328 
987 
1337 
1418 
736 
1241 
1663 
1331 
1878 
1618 
972 
631 
1322 
981 
954 
1609 
1268 
1017 
1591 
1223 
1232 
111 
1555 
1636 
613 
1367 
1576 
1549 
1845 
858 
1639 
894 
1307 
1316 
320 
984 
1854 
1630 
1289 
1298 
930 
293 
1172 
1513 
1486 
1899 
1558 
1839 
1175 
1274 
610 
1830 
1471 
170 
484 
1776 
1444 
1525 
780 
1193 
789 
870 
568 
855 
1707 
1061 
1411 
1815 
1474 
729 
1824 
1492 
505 
1465 
1447 
1133 
1851 
1680 
1761 
747 
756 
1375 
1432 
1710 
1306 
1360 
1369 
1782 
1396 
750 
723 
759 
1145 
1378 
705 
813 
1674 
1755 
1764 
1076 
1704 
1883 
1058 
1067 
1874 
1614 
1273 
1282 
1390 
717 
1560 
1085 
412 
959 
989 
397 
1330 
1240 
585 
1653 
1662 
1007 
666 
1195 
1635 
890 
1608 
1303 
630 
1850 
1671 
1844 
1584 
1288 
947 
1799 
1494 
812 
1790 
1862 
1458 
965 
1593 
1207 
1898 
1557 
902 
1225 
238 
1772 
896 
1210 
905 
1443 
1757 
1865 
1120 
1533 
1192 
1506 
1407 
842 
169 
1389 
1703 
1057 
1784 
1084 
1847 
1721 
914 
1123 
1320 
1751 
1446 
1141 
854 
531 
845 
1715 
1697 
1392 
55 
1159 
1473 
827 
1347 
1027 
722 
381 
695 
937 
4 
1305 
1610 
1341 
1063 
1718 
1586 
653 
976 
1048 
1030 
1263 
922 
904 
1658 
671 
1550 
1873 
895 
1523 
1290 
1194 
1858 
1203 
1840 
1786 
1795 
889 
207 
1517 
1607 
1813 
826 
28 
1562 
1454 
656 
1843 
1242 
1251 
1116 
1870 
1879 
1233 
1834 
1179 
506 
1726 
1735 
1484 
1511 
1828 
1155 
1065 
1819 
796 
1693 
1361 
1020 
1747 
1729 
1684 
1801 
1705 
1301 
1400 
1714 
1382 
45 
1606 
1355 
1696 
763 
1319 
709 
1095 
1678 
655 
1759 
1732 
900 
1627 
1600 
622 
936 
604 
1044 
1896 
918 
1376 
1035 
230 
1836 
1495 
1199 
1827 
1567 
661 
634 
1863 
1531 
535 
849 
948 
1612 
1818 
1477 
526 
1800 
1498 
1848 
1256 
1794 
807 
1435 
1857 
1112 
1740 
1812 
1893 
1220 
951 
